X1	X2	X3	X4	variant
0	0.3632407472037901	0.6688434288439075	0.042548568955849256	9:136149229
0	0.013977623760058372	0.10698884584634566	1.685854207159012	4:185714289
0	0.24208454782406602	0.10768561922547451	0.7727777190325642	3:64705365
0	0.34653890184793507	0.41212339429974837	1.3431372209840111	3:123065778
0	0.3127300515034983	1.374664728769995	0.17731952288787106	8:41519248
0.15525060237829458	0.4602667394201557	0.13109542127047158	1.4157521276498672	5:55806751
0.365181494139759	0.175053635662275	0.47876419848652507	0.39233475971259757	5:55856375
4.37400899225522	2.2908121310009704e-5	0	0.8426143223256694	11:72433098
0.5443378876672379	0.526706766253177	0.5965462636641288	0.3459975232193682	5:53271420
0.7625195727453092	0.0703842083886317	0.16056651727375162	0.6082420906577566	2:60584819
0	0.06003004729809513	0.32849088043276065	0.9430362806528336	12:4374373
0.19507143148134082	0.041021770223805175	0.3245274470641573	0.18508594535726167	12:4300809
0	0.1827570592695621	1.7693031545161122	0.01939542202045702	10:12307894
0.32336251159556156	0.5691705335780554	0.8528264703483196	0.17126165984609457	9:22061562
0	0.16602277406395238	0.1652849701559313	0.19906536629414778	9:22133984
0.09190467994048016	0.09214742907698215	0	1.5145459582044813	9:22134094
0.26944201545168367	2.5218790028992033	0	0.1284338558022558	19:19658472
0	2.636440005633049e-10	0.03859750681112585	1.1080468961480243	16:75245003
0.5079227860050013	0.44661997414315724	1.2667094951450217	0	7:15064309
0	0	1.205122022266243	0.3361682710120244	11:1696849
0	0.8070948737090692	1.2283197756072448	0.5272082199572087	16:53820527
0.4496838259385457	5.535076143822311	0.0037723386792921972	3.5861819778510836e-10	2:27741237
0.10166142470381041	0	0.9231405158565131	0.31297589273211823	17:47005193
0.3801692263503434	0.1935378675856676	1.2264558942975803	0	19:46158513
0.6676728651580283	0.3895316874166229	1.2037153628022559	0	9:4292083
0	0.21095234564299853	1.3103709355238857	0.053858414852223535	17:9791375
0	5.0048796433307494e-5	0	2.4717524339582555	10:94462882
0	0.9852717442843796	0.33937828038999956	0.38926047674779646	6:32594328
0.42067107063684867	0.018077313277765163	0.33609441784432315	0.2173322166542585	15:77747190
0.008540429527812842	7.438611836503142e-10	0.17360356323527598	0.5665724068178597	12:66212318
0.35119373335239923	0.2786001477085551	0	1.5067157516134209	12:121460686
0.21805592399244586	0.2554147865454452	0	0.8897467855702766	17:36098040
0	0.07634095870532082	0.9477185976186161	0.2859135620259491	20:42989267
0.006469367117387637	0.6296582278200067	0.26564130591915314	0.5825182777263941	20:43042364
0.3507240570720999	0.23283609371190092	0.8240313542269712	0.23277732817288108	11:43876435
0.04000632210469249	0.001512643361206341	1.125725795444019	0.2632721993687091	3:185511687
0.45568551462708057	0.06849126692156104	0.2566373595428979	1.335324754149286	2:227093745
0	0.17317800560398652	0.38770173591855134	0.7076223935877776	7:28180556
0.4105566826728337	0.10106889943923426	0	1.3117138133644013	11:17408630
0.0769602567464277	0.044593645011118024	0.6304587842770626	0.05850461018764638	11:2691500
0.36076869227003494	0.4397098744803001	0	1.1682177123774131	11:2843803
0.23154728972521724	0.061978119567296645	0.3172067603860879	0.14164709180547808	11:2912553
0.0666015547904847	0.7338767308767599	0.3355827917364127	0.5291634369391747	7:130444934
0.009972678588223153	0.06300090153464719	0.16768981411603331	0.7656830960046852	12:27965150
0.05128019871323057	0.3178029246789777	0.054203805600668925	0.4593872537217642	18:7076836
0	0.022681501001166827	0.2642361540745439	0.41590656627549144	11:65365171
0	0.05146458845532007	0.47727749139293507	0.989727070045509	18:57884750
0.387646375410247	0.212720375260707	0.5945603212611965	0.1276180649958392	7:157031407
0.614172362988009	0.5338807783228411	0.11026283067080091	0.2269479219010267	12:123626982
0.22371214835046963	0.20905626325899668	0.12851456236851266	0.4209193967341246	22:30342191
0.5231098649912931	0	3.70711247461418	0	11:92694757
0.7065081493926774	0.25066186112440636	0.7591977983323528	0.013579529052237279	1:120517959
0.2124509964470357	0.04033680739472909	0.3788739735509622	0.5510859846555752	14:79945162
0.18426621665732595	0.1371530405867184	0.20954276620074339	0.8315338926161169	10:124167512
0.05763954590394675	0.8193498579355696	0.20997281717690236	0.2810712213378067	22:44324727
0	0.3955082348867812	0.3078244324361367	0.6278977142451739	6:31136714
0.07945178094093222	0.6649706125104256	0.7042838706203931	0.30232205323652805	3:12393125
0	5.447458646529616e-7	1.3330097074541105	0	15:91544076
0	0	1.0621174740999908	0.2552220312851992	1:214159256
0	0.29481777518391744	1.013410503731725	0.2530017339062237	2:161317460
2.259383615561306e-5	0.08282071208881712	0	2.699395960695257	8:118185025
0	0.15100693983656133	0.42349149725798957	0.27635144496141667	6:137299152
0.594899334248176	0.6303046031257925	0.013391972453185762	0.6838407139847991	13:80717156
2.892372348814524	6.058130424224321e-10	2.3158862341731026	0	10:114758349
0.07795615491320332	0.5361968226056362	0.13130631484025468	0.6122575240994496	2:43690030
0	0.08344741975398946	0.5211327753414805	0.4856895821220154	9:84308948
5.149859068712268e-4	9.810072715831084e-8	0.024017362552661792	0.8206972062756474	9:81905590
0.005406512642862137	0.061298562891578985	1.8903573231991532e-5	0.6669859044178434	4:153520475
0.18859537513504043	0.05300974378741961	0.25484010651048605	0.4827868729003874	8:95937502
0	0	0.2298050427777719	0.770636520800074	12:71663102
0.018611653607097	0.02817038434469561	0.10387937334568455	1.3083808033834183	3:23454790
0.0692499604726943	0.24889439096387314	0.3685815905024036	0.7551970541015887	4:6289986
0.06345605608985061	0.49854742542524727	1.3519869841837608e-7	0.8229212350898815	5:76424949
0	0.012465982980611951	0.12895268154490858	0.674270001921328	15:80365745
0.019523884635182384	0.16124923646049955	1.269268963952868	7.342120639774852e-4	20:39832628
0.07900773143439267	0.758272422810671	0.09323718472391342	0.32710374280142146	10:80942631
0.07582945949231255	0.26591696541863	0.27919733798707846	0.3233059770836867	17:3985864
