X1	X2	X3	X4	X5	variant
8.765317613575665e-9	0.3417182266637061	0.6018943044862357	0	0.31201098531198945	9:136149229
1.6655328963700464	0.26519776619783014	0.11544433809309541	0	0.06420436520366235	4:185714289
0.6840479365858185	0.40744088009834056	0.047738572365665505	0	0.2237310825486352	3:64705365
1.369954161273194	0.22015215220778736	0.436055586466294	0	0.383209856146881	3:123065778
0.15540051371953617	0.3260690604310927	1.3415487160842066	0	0.29771957427096857	8:41519248
1.138033607255181	0.9749986573243133	7.992033767894856e-8	0.20816100941865293	0.3630917159695916	5:55806751
1.679748399733758e-8	1.3122487010915225	0.19543422485403897	0.43014386184290965	4.0694002011108836e-4	5:55856375
0.8179219680418686	0	0	4.390094202250796	1.3129884005288405e-5	11:72433098
0.05094672832525706	1.040180915377089	0.3942920802542727	0.5903192644340453	0.3748603719499486	5:53271420
0.5722007573529219	0.17499230813479205	0.14468429541292865	0.7646112848518148	0.0755563392866264	2:60584819
0.8371861149910682	0.4599816459521567	0.27624017880689566	0	0.041223898079863354	12:4374373
0.13628562002071962	0.2187281747586505	0.29171900911698173	0.20200901610627853	0.01793912707432443	12:4300809
0.0992058754702969	0.073201151564176975	1.7889151671922272	0	0.19366199280245386	10:12307894
0.19494862674558291	0.04335036767661135	0.8878378691532431	0.3137076980231966	0.5850111207824947	9:22061562
0.13355260688037754	0.22997923525774827	0.12645509614547062	0	0.15624141941477585	9:22133984
1.5608666945034353	0.03755087666671201	0	0.10145350180195467	0.16115609686474594	9:22134094
0.1457915200777508	2.872251670341684e-9	0	0.2723601702761884	2.5494596826853244	19:19658472
1.1450068474818442	0.07646814334918238	0.07152556353240272	0	0	16:75245003
0	0.08749019212766218	1.291957773966439	0.4811574998845599	0.456949415880014	7:15064309
0.3298707800429296	0.2144408150102937	1.1967727767586884	0	0	11:1696849
0	2.5095821662734537	0.6741764513901615	0.0340542283529089	0.39356992929495216	16:53820527
6.373999441484529e-5	1.8917893719921043e-4	0.07496638396460677	0.42882895394963394	5.576015574118969	2:27741237
0.20142122877569885	0.4787310623846624	0.8356210952546843	0.10755160990349823	0	17:47005193
0	0.4631955464231996	1.1225494481428184	0.3867742720083956	0.12349964685084988	19:46158513
0	0	1.2550091092930724	0.6415454647452838	0.42665399459824865	9:4292083
0.0395382997421091	0.26487101481780284	1.2839792031842874	0	0.1867156215834796	17:9791375
2.6612277671971403	0	0	0	0.07709399676413488	10:94462882
0.17281728042568326	0.8716624711499272	0.1808043569640355	3.2166717344867665e-9	0.8521996432254082	6:32594328
0.13861459989822303	0.2984332057565631	0.279001277174966	0.428383021171921	5.607087002392422e-9	15:77747190
0.46920944880709675	0.3456661908147159	0.11974828501444536	0.02105359503664612	0	12:66212318
1.5736055182499205	3.875810615927556e-9	0	0.3636158600196356	0.3480998000994111	12:121460686
0.9188770821372076	0.021943175647393558	0	0.22797060961758012	0.2871154609634671	17:36098040
0.3294637611581031	0.059393520199987435	0.9643127145589899	0	0.10012848304257278	20:42989267
0.35819664979892674	0.7971218331316374	0.1343389523434086	0.029587126706584425	0.5338572455438296	20:43042364
4.272767411491911e-9	0.9105458447144644	0.6297743942370934	0.3936587826446698	0.1081426787745537	11:43876435
0.23080728296301298	0.31606221977657534	1.0829240948774674	0.0363386355885466	7.924358004971818e-7	3:185511687
0.7437461796092485	1.7872113629992192	0	0.49865551340032477	0	2:227093745
0.6334674507781493	0.3953921321893309	0.3389411825960466	1.3269836042063233e-10	0.1566503559236696	7:28180556
1.3131290891371676	0.10911742304898014	0	0.4238966040923603	0.1444512997507835	11:17408630
0.02912534979235994	0.20883734764148795	0.5949610849443366	0.07127416356200358	0.035069510965805344	11:2691500
1.224346299885418	2.0345604619944595e-9	0	0.3650289183374612	0.49792673040858626	11:2843803
0.10335496801293353	0.18880656385869404	0.29010736531650494	0.23635951056472035	0.04015246868856724	11:2912553
0.5448003615836707	0.1327098841629546	0.3354668800850045	0.05559923170536075	0.7590122942151948	7:130444934
0.8070790833514522	5.426722151586259e-10	0.21058552191863864	1.6786764317605692e-6	0.11254469836661977	12:27965150
0.4455911679067609	0.13540834765655504	0.049571931803006127	0.04916773523866381	0.31561141047948166	18:7076836
0.26619942665417035	0.5319307259558571	0.1592448362573338	0	0	11:65365171
0.4351934974139166	1.7868571410208678	0.0882852809808818	0.002279397540534333	0	18:57884750
0.08625363362207569	0.25231839490794233	0.5494118716260415	0.3908130434821615	0.18722777200724294	7:157031407
0.06705136912313629	0.5255344142316004	0.011842326329694624	0.6410438503846458	0.4525435947777742	12:123626982
0.46521378612342057	0	0.16931435112601023	0.20068427727903232	0.24324024698807709	22:30342191
0	0	3.84241205590746	0.494746130022833	0	11:92694757
0.03627809306571489	0.01750723117251941	0.7825530550627684	0.687513010714893	0.269152609847681	1:120517959
0.2238264402257987	1.0396341171784678	0.15894170037752572	0.24444205365450375	0	14:79945162
0.8345441170977731	0.12832839201504032	0.21532336670175112	0.18495945428608543	0.15895347774958135	10:124167512
7.945640692820834e-4	0.9646417382754369	1.054651650556646e-5	0.09326662768360372	0.6885328628075321	22:44324727
0.35228505602636884	1.0207867757278934	0.10790783700108392	0	0.2662546877050617	6:31136714
0.3390100435332143	0.13316460242900477	0.6947030604876548	0.06795098721104977	0.6767445229322333	3:12393125
0	0.10244324631941039	1.338799808084822	0	9.628280620078256e-5	15:91544076
0.14663119231348046	0.48334905491411995	0.9757641638232363	0	0	1:214159256
0.26062141656249	0.19988485279543552	1.0044099876700454	0	0.28614540120708887	2:161317460
2.832048864371942	1.7575785223858618e-6	0	6.3579459991069475e-6	0.21494708584579142	8:118185025
0.17119368996229842	0.41479353862811613	0.3476901873246987	0	0.12042153164800776	6:137299152
0.5842647614722989	0.3541166655753216	7.733784504266707e-10	0.6070721080515424	0.5972767947719344	13:80717156
0	0	2.391536073791159	2.8676072479303474	8.308162929762234e-7	10:114758349
0.5673434185224505	0.22541377048992167	0.13238431275406917	0.08771395499171113	0.5246643902028543	2:43690030
0.4258926305794588	0.329681598153639	0.47362253118032255	0	0.07200322662781113	9:84308948
0.8020490973753505	0.16185072634301576	0.022870420079685323	0.0017495971485911456	0	9:81905590
0.6723609771856041	0.049711863190497765	0.013889345368771676	0.007846187450271673	0.08792177411217307	4:153520475
0.4277450689906548	0.22211249480660783	0.23372175711201884	0.1907364465229868	0.05121804306318998	8:95937502
0.7322939850555401	0.25403126003739096	0.20378924095909995	0	0	12:71663102
1.1680433688975271	0.5721300964301125	0.026318264416922196	0.04119462358724154	0.0035944962197498476	3:23454790
0.7876111129239758	0.030068279312301747	0.4058648823534212	0.06356931842348319	0.28942174621452393	4:6289986
0.8127996959026444	0.17545386415602857	0	0.05478757724372661	0.5060356303858173	5:76424949
0.6063385630539241	0.30494803952736854	0.09227659319571005	0	1.250135882319929e-5	15:80365745
0.06124723710534804	5.404682768859578e-4	1.2981095451426048	0.002123140509026684	0.18945702509254192	20:39832628
0.3668268001243341	0	0.1305500281822588	0.06261379008299257	0.7774674398589109	10:80942631
0.2029591176632158	0.4517087394960441	0.18815486826445121	0.0953332477667394	0.22025295555004026	17:3985864
