"bl"	"bmi"	"bodyfat"	"bw"	"cir"	"di"	"fg"	"fg2hr"	"fi"	"hba1c"	"height"	"hip_f"	"hip_m"	"hip"	"hipadjbmi"	"homab"	"homair"	"incr30"	"ins30_bmi"	"isi"	"isibmi"	"leptin"	"proins"	"sat"	"urate"	"vat"	"wc_female"	"wc_male"	"wc"	"wcadjbmi"	"whr_f"	"whr_m"	"whr"	"whradjbmi"	"dpa"	"palmitoleic"	"n6_1821"	"n6_1831"	"n6_2031"	"hdl"	"ldl"	"tc"	"tg"
"bl"	1	0.0364805767717376	0.0929427043711334	0.662132369623511	-0.181002556564806	-0.117037601268951	0.0222831661662421	-0.0372698788294707	-0.0903014657561457	-0.124155971466724	0.31844956727433	0.134105331803035	0.0169562639795184	0.0930883973455408	0.132043246848469	-0.0200410798876896	-0.0134166627455403	-0.186369579856242	-0.231825473565074	0.126850557588806	-0.147356423348108	-0.0353839861611725	-0.00888712325988531	0.0400140954816514	-0.220256118749788	0.11353135172896	0.0731880534391696	0.0741415184247843	0.0757525185361773	0.145555183677556	-0.0291589868498672	0.146667496009911	0.0566589986148223	0.0057172701516144	-0.129797803226658	0.0732436516312175	0.0595970032043615	-0.0694794179092275	-0.0726949027373782	0.0719399355524104	-0.122694907847416	-0.135728331971658	-0.141182256887851
"bmi"	0.0364805767717376	1	0.82332062739664	0.12970247775681	0.0891053755116807	0.144247488169435	-0.117870862525937	-0.293089979446365	0.311120025786845	-0.0808103273202179	0.0702469030008246	0.912287892805707	0.877182709040494	0.94053427251214	0.210801174427939	0.281802401551682	0.268052184522506	-0.0817651342347245	0.0235384524870073	0.0432935359364351	-0.048072124311693	0.543953248658651	-0.036452624707955	0.388122510565658	0.158484531340931	-0.101724615586654	0.86975518834047	0.910486769354302	0.945964040055671	0.112749847955888	0.375650846504635	0.760181873016485	0.651304652250707	-0.101647726565228	-0.144915425837242	0.132085861013404	-0.00943775219068517	0.0825720845442029	0.137581338354572	-0.0649226274956098	-0.0277583835017092	-0.0673739682685641	0.00474745502753
"bodyfat"	0.0929427043711334	0.82332062739664	1	0.209353913539125	0.0401780379119404	0.144569322245376	-0.15509962913553	-0.37438010542677	0.113612303035154	-0.160073175431305	0.11596627932218	0.81828554060334	0.765031659995273	0.83009405776312	0.333646889231475	0.213414301299889	0.11532681209183	-0.137102970093727	-0.0343673912436025	0.282147867776762	-0.0697069296488341	0.663703234480154	-0.00901572042803594	0.218564246918313	0.0156592171286318	0.00419589197929033	0.688681602268068	0.844784346807797	0.81245063696807	0.176679053947197	0.148852393966779	0.770484183383096	0.505903098957689	-0.129273184848888	-0.197323476870386	0.271102500441721	-0.0239861248032158	0.116335796939475	0.0363260098692538	0.215084161916634	-0.00303667619190847	0.00446925814329655	-0.0761978549708747
"bw"	0.662132369623511	0.12970247775681	0.209353913539125	1	-0.0426307961819827	0.0451204949719394	-0.065638913700673	-0.21724378969534	-0.164063543951654	-0.134910275598013	0.147647766026474	0.214990407981383	0.0738076316232784	0.162009117613373	0.1322392634223	-0.0153205099375053	-0.0972609876727103	-0.122428109006396	-0.106502635193544	0.0781109405873208	-0.047944434234858	0.00692084106457662	-0.135459698657179	0.0689815913171881	-0.1493384127551	0.0451432900422821	0.129613977151551	0.153690905669578	0.14554797448719	0.0968423060542771	-0.0634417762774444	0.21225026614989	0.0657798922150186	-0.0435857455774462	-0.149327533072503	0.169930256407055	-0.0903206628406554	-0.0219940579212241	0.0780655383504572	0.188033101156899	-0.112618732087804	-0.0520659135256429	-0.0779875232526192
"cir"	-0.181002556564806	0.0891053755116807	0.0401780379119404	-0.0426307961819827	1	0.871897584427657	-0.564738385771328	-0.53428699103785	0.326124433893776	-0.529335191141254	-0.0604269628280757	0.0816875821797113	0.142041224323487	0.116421369416437	0.17777883502639	0.550814367008233	0.0638422322703717	0.732800098487539	0.875301948040148	-0.129328325488191	0.335718026413664	-0.0286904719063896	-0.156069276149375	0.1456251415444	0.0755598301290333	0.0112767698369548	-0.0204403696940093	0.069124988180732	0.0288723345241576	-0.170446348060329	-0.211526617640606	-0.114156343352224	-0.199147344605706	-0.326609981136299	0.0474066617374884	-0.00825057387545922	-0.0952863232993701	-0.0571878297519421	-0.00724949588625639	-0.0270340954468653	-0.139805024780193	-0.14602449283484	-0.0440440186173233
"di"	-0.117037601268951	0.144247488169435	0.144569322245376	0.0451204949719394	0.871897584427657	1	-0.59069311185755	-0.507792366848067	0.0858584424622676	-0.535763417312964	-0.162735515137926	0.122077300335105	0.142068625581765	0.136831109063278	0.110723034095158	0.399721916215865	-0.184754210538599	0.491301957954443	0.662284954381776	0.0576829278577742	0.269800044897279	-0.0313120309713728	-0.221612620861097	0.142894202670593	-0.00406550084278731	-0.0571075762733253	-0.00944399334959777	0.107182368411295	0.0555040392432817	-0.242415550187553	-0.251073785711513	-0.0190324739679461	-0.175612253959152	-0.35033231966254	0.0675804459143162	0.177031058957332	-0.11441904654861	0.0701361772202065	0.0516949778552378	0.0741592912927282	-0.0972260883251131	-0.0792997708260133	0.00692762230165076
"fg"	0.0222831661662421	-0.117870862525937	-0.15509962913553	-0.065638913700673	-0.564738385771328	-0.59069311185755	1	0.472325848488517	-0.0833958850406879	0.71162151930178	0.127341118760399	-0.0957129452239772	-0.0877319996887052	-0.0922850106229788	-0.0548785487251116	-0.722962546398463	0.225214414628533	-0.369509059971423	-0.488707809628182	0.0389273489281549	-0.332774919388613	0.0562048877286643	0.250493602221362	-0.128562196168437	-0.175596293365289	0.0151288984532662	-0.0275110233503005	-0.120231971558015	-0.0748729257543299	0.111022941749068	0.134479755680075	-0.0278501273256253	0.0763552009318067	0.201783549333247	-0.197898030671248	-0.098518301116201	0.0882516701208012	-0.078975995428405	0.0109834564744441	-0.0470579716061321	0.0921666576740157	0.0470450045416668	-0.0798328216633496
"fg2hr"	-0.0372698788294707	-0.293089979446365	-0.37438010542677	-0.21724378969534	-0.53428699103785	-0.507792366848067	0.472325848488517	1	-0.27888491184903	0.621876246681742	-0.0561906565376711	-0.291079297170076	-0.343553814279852	-0.330420540685058	-0.296696475673614	-0.452374807100095	-0.0405345052274278	-0.315335894808615	-0.453200463421459	-0.238314219472842	-0.210537947251355	-0.253010686743604	0.239626951602487	-0.120227068342767	0.245719179560509	-0.0288800842264318	-0.0931600825719484	-0.348765186870888	-0.227602163967763	0.12278694453647	0.286927401698559	-0.210617092983096	0.0867461477980579	0.398312168792585	0.183052217399735	0.0605313959223017	0.044174975050852	0.118658245393801	0.119876404508602	-0.31065761649372	0.1990144797112	0.242739382734285	0.396270994809628
"fi"	-0.0903014657561457	0.311120025786845	0.113612303035154	-0.164063543951654	0.326124433893776	0.0858584424622676	-0.0833958850406879	-0.27888491184903	1	-0.100015780368703	0.0833543377122347	0.247999853107553	0.363761029074455	0.319189760141669	0.112975985178383	0.622278916459285	0.812595401155752	0.360065094402016	0.406804922420224	-0.354405364273908	0.370305873096821	0.218392646189214	0.0284035488027526	0.232373452227451	0.103138621136869	0.106732832443533	0.287763137234069	0.293103473263145	0.306399549482813	0.0420433848520647	0.202939636843304	0.0845059890431155	0.180720821640391	-0.0645880637408369	-0.181613814813292	-0.39408148304868	0.144122879275583	-0.105755310023247	0.104744719313537	-0.349775691412038	-0.0889053078761136	-0.218801099993008	-0.0683530725038945
"hba1c"	-0.124155971466724	-0.0808103273202179	-0.160073175431305	-0.134910275598013	-0.529335191141254	-0.535763417312964	0.71162151930178	0.621876246681742	-0.100015780368703	1	-0.00263489698343117	-0.0655548697573819	-0.147750998018117	-0.103461885845723	-0.195658902037129	-0.562737201434996	0.100132809032594	-0.40745640863915	-0.484353159309505	-0.143829045011622	-0.243539972563367	0.0624492867395023	0.258127968508836	-0.141643564886166	0.0321012077020673	-0.101460167156573	0.117628157098062	-0.123518219359558	0.00361507687707819	0.276769142897521	0.37760863084157	0.0384388036124525	0.279323370571546	0.455708166417612	-0.152838418228506	-0.0831817756747756	0.254483496432181	-0.0659770555247377	0.0884591140583934	-0.148522804533154	0.212780965413395	0.198138393909994	0.12652172912476
"height"	0.31844956727433	0.0702469030008246	0.11596627932218	0.147647766026474	-0.0604269628280757	-0.162735515137926	0.127341118760399	-0.0561906565376711	0.0833543377122347	-0.00263489698343117	1	0.236868538467752	0.288724802451286	0.273577764430221	0.654763963080793	0.030558369063109	0.196473996580972	0.0219057766720771	-0.0118250039638795	0.194042582109665	-0.262433263535986	0.0812274017356339	0.143808770540903	0.0140956206574052	-0.0592104845572596	-0.00533924985766452	0.147660542765971	0.236692479268716	0.193559841567973	0.474424185882941	-0.0513366184032485	0.137888350055467	0.0329472892507307	0.00262353860133652	-0.138430880349601	0.0180671178479482	0.0346901583317557	-0.167569686398602	-0.0758915295127891	0.0564393666599462	-0.013966273108574	-0.0737899207187722	-0.20552455534877
"hip_f"	0.134105331803035	0.912287892805707	0.81828554060334	0.214990407981383	0.0816875821797113	0.122077300335105	-0.0957129452239772	-0.291079297170076	0.247999853107553	-0.0655548697573819	0.236868538467752	1	0.824712544389338	0.962986827723365	0.478395860448988	0.269089558106288	0.274107459237474	-0.0715724353621781	0.0324173823564569	0.116729025371273	-0.120637294375721	0.568790718640124	0.0206555453663939	0.315030861550879	0.186792034606526	-0.132847759145783	0.869343694098628	0.865264152925506	0.919031207734264	0.264245247096692	0.254529196467833	0.727036817337757	0.55193867416041	-0.14432410000229	-0.127641796335579	0.205788394974281	-0.0191204005007959	0.121157949993929	0.0903293555258647	0.0522071938344707	-0.0242338231636518	-0.0335785288927209	-0.00909728416193265
"hip_m"	0.0169562639795184	0.877182709040494	0.765031659995273	0.0738076316232784	0.142041224323487	0.142068625581765	-0.0877319996887052	-0.343553814279852	0.363761029074455	-0.147750998018117	0.288724802451286	0.824712544389338	1	0.945272536880183	0.492019538611439	0.310077190360634	0.336904329979919	0.0211202164565388	0.0899569963088196	0.0405008525856955	-0.0453342815235779	0.556149543247386	-0.0530044877041455	0.378432926817682	0.121911526864791	-0.0122923703722486	0.701390735369836	0.94560639919573	0.869607245963343	0.181119245551447	0.18598936118729	0.700235357273833	0.486999241383984	-0.216211248086178	-0.20047960817446	0.035141691742781	0.0433141192536969	-0.0273319040403718	0.0286587267693089	-0.0576802728038352	-0.0796676307341243	-0.135349063390215	-0.0905007057871729
"hip"	0.0930883973455408	0.94053427251214	0.83009405776312	0.162009117613373	0.116421369416437	0.136831109063278	-0.0922850106229788	-0.330420540685058	0.319189760141669	-0.103461885845723	0.273577764430221	0.962986827723365	0.945272536880183	1	0.502206614368852	0.297726052336093	0.317823373263375	-0.0284349047109624	0.0636936257039496	0.0814299940308913	-0.089727270784376	0.584882667503423	-0.0104851909028838	0.364142912499105	0.163427406443995	-0.0794807671807626	0.833328275349168	0.942881029397033	0.940306671416117	0.238624003262073	0.241131676420979	0.746673205928296	0.551457516136636	-0.181500629412447	-0.175318817518445	0.126748366160775	0.0116808886714723	0.0541123176591997	0.0645076272026416	-0.00396890955166781	-0.0437746114482582	-0.0784076724672745	-0.0459262562343785
"hipadjbmi"	0.132043246848469	0.210801174427939	0.333646889231475	0.1322392634223	0.17777883502639	0.110723034095158	-0.0548785487251116	-0.296696475673614	0.112975985178383	-0.195658902037129	0.654763963080793	0.478395860448988	0.492019538611439	0.502206614368852	1	0.182159809206811	0.181921661523123	0.161849433482316	0.194103580941307	0.182122717917671	-0.161839773154077	0.273098349545419	0.014175920451979	0.105337324977221	0.0512134641639241	0.0379583273844298	0.188239470128153	0.408008428086338	0.307255420747019	0.378793814081767	-0.343891413027291	0.184432109676991	-0.138117254907944	-0.356617961128344	-0.149360009474734	0.0857641872636655	0.000305995862824733	-0.041582206442674	-0.182466271910356	0.179804333472948	-0.0502314276333254	-0.0498451594699999	-0.163967722614978
"homab"	-0.0200410798876896	0.281802401551682	0.213414301299889	-0.0153205099375053	0.550814367008233	0.399721916215865	-0.722962546398463	-0.452374807100095	0.622278916459285	-0.562737201434996	0.030558369063109	0.269089558106288	0.310077190360634	0.297726052336093	0.182159809206811	1	0.483121058458774	0.475322072852581	0.572710460490107	-0.218860545081278	0.4104024465844	0.171417044821965	-0.125609591291652	0.18073743741103	0.12750267820079	0.106891046267666	0.246100987942858	0.307407252681684	0.286360262201404	0.0509797882015887	0.0656306234106757	0.13499875022512	0.114618032993561	-0.12130741242966	0.0232191251880807	-0.196761757270653	0.0830642571212929	-0.0609827511850212	0.00744528293325161	-0.24154261339283	-0.192463956743702	-0.240483016119374	-0.0183617713477228
"homair"	-0.0134166627455403	0.268052184522506	0.11532681209183	-0.0972609876727103	0.0638422322703717	-0.184754210538599	0.225214414628533	-0.0405345052274278	0.812595401155752	0.100132809032594	0.196473996580972	0.274107459237474	0.336904329979919	0.317823373263375	0.181921661523123	0.483121058458774	1	0.193019346827282	0.178618251058373	-0.319967879131744	0.208717331917663	0.253657349192598	0.128059935298079	0.142300082463202	0.0328180856075825	0.143406414006036	0.332141531750811	0.292861584829544	0.326251168579226	0.214064912403548	0.276673295451001	0.15822970081003	0.267918088803941	0.0820237799976788	-0.228894488721254	-0.381040588406891	0.207736631799596	-0.143841695700253	0.0371513747932248	-0.371158341732427	-0.10444409327978	-0.209125209343794	-0.0628148658377632
"incr30"	-0.186369579856242	-0.0817651342347245	-0.137102970093727	-0.122428109006396	0.732800098487539	0.491301957954443	-0.369509059971423	-0.315335894808615	0.360065094402016	-0.40745640863915	0.0219057766720771	-0.0715724353621781	0.0211202164565388	-0.0284349047109624	0.161849433482316	0.475322072852581	0.193019346827282	1	0.933825670910866	-0.236391618375613	0.312195002386506	-0.0298289871937032	-0.0912331157469308	0.0449474564219185	0.158119807966821	0.109045947612812	-0.13750453667338	-0.0676970112468681	-0.107155488818144	-0.0840795362996287	-0.196017866508035	-0.239093434210257	-0.254704715982449	-0.230691085381104	0.092872701854396	-0.115813495785467	-0.0385981710847161	-0.0843694027078714	-0.102718494526113	-0.0112464534707847	-0.129302504281799	-0.123104157351454	-0.0794991546363382
"ins30_bmi"	-0.231825473565074	0.0235384524870073	-0.0343673912436025	-0.106502635193544	0.875301948040148	0.662284954381776	-0.488707809628182	-0.453200463421459	0.406804922420224	-0.484353159309505	-0.0118250039638795	0.0324173823564569	0.0899569963088196	0.0636936257039496	0.194103580941307	0.572710460490107	0.178618251058373	0.933825670910866	1	-0.204921218514753	0.340730077001605	0.0362116472436795	-0.0853295139876192	0.104148495802234	0.155358466204382	0.0629351809967861	-0.0435619577711788	0.0115376240803787	-0.0144359709240028	-0.0996896079172579	-0.18553543134204	-0.177601599636349	-0.213388798755915	-0.272853280846515	0.0683195918885807	-0.0935933783826701	-0.0493388918872063	-0.0694110463240316	-0.0467729120919578	-0.03408822821535	-0.147096815047039	-0.148690874621452	-0.0634528274465154
"isi"	0.126850557588806	0.0432935359364351	0.282147867776762	0.0781109405873208	-0.129328325488191	0.0576829278577742	0.0389273489281549	-0.238314219472842	-0.354405364273908	-0.143829045011622	0.194042582109665	0.116729025371273	0.0405008525856955	0.0814299940308913	0.182122717917671	-0.218860545081278	-0.319967879131744	-0.236391618375613	-0.204921218514753	1	-0.471137513323143	0.152644060359895	0.164779918661677	-0.236737065533159	-0.291091601637128	-0.0546616561701738	-0.0286797264367527	0.108049217297995	0.0387149239809381	0.032938416001496	-0.236243547487185	0.169875476856317	-0.0643274433821926	-0.107395652811973	-0.0704673620755572	0.131272674342374	-0.0756833807054857	-0.068632620607129	-0.296952409787659	0.416417140197308	0.018697609444953	0.0418843174286287	-0.220417713266117
"isibmi"	-0.147356423348108	-0.048072124311693	-0.0697069296488341	-0.047944434234858	0.335718026413664	0.269800044897279	-0.332774919388613	-0.210537947251355	0.370305873096821	-0.243539972563367	-0.262433263535986	-0.120637294375721	-0.0453342815235779	-0.089727270784376	-0.161839773154077	0.4104024465844	0.208717331917663	0.312195002386506	0.340730077001605	-0.471137513323143	1	-0.112420976479611	-0.26165322244357	0.139619101652139	0.162077567499859	0.0688301779111046	-0.0927929399719159	-0.069247367813655	-0.0842372914692268	-0.189451553719701	-0.0261333443228043	-0.119992111971956	-0.0830505274192876	-0.0785250050769394	-0.0731804835199853	0.0034669991409068	0.0184638157131094	0.141734385836878	0.307348309279181	-0.296411903991349	-0.0613092945048898	-0.0577323585787318	0.207811476702363
"leptin"	-0.0353839861611725	0.543953248658651	0.663703234480154	0.00692084106457662	-0.0286904719063896	-0.0313120309713728	0.0562048877286643	-0.253010686743604	0.218392646189214	0.0624492867395023	0.0812274017356339	0.568790718640124	0.556149543247386	0.584882667503423	0.273098349545419	0.171417044821965	0.253657349192598	-0.0298289871937032	0.0362116472436795	0.152644060359895	-0.112420976479611	1	0.0863797542037111	0.0153960544957247	-0.171011057177699	0.155518373984979	0.478189157559915	0.617723553898324	0.576300418931349	0.211928271619374	0.117078815580082	0.62232061704641	0.409594205202171	-0.00612035595900429	-0.262345635097633	-0.0317665050804698	0.219788226638043	-0.0789907463176862	0.0242853302183204	0.1859986960584	-0.194578343383288	-0.255848218077489	-0.393360221483691
"proins"	-0.00888712325988531	-0.036452624707955	-0.00901572042803594	-0.135459698657179	-0.156069276149375	-0.221612620861097	0.250493602221362	0.239626951602487	0.0284035488027526	0.258127968508836	0.143808770540903	0.0206555453663939	-0.0530044877041455	-0.0104851909028838	0.014175920451979	-0.125609591291652	0.128059935298079	-0.0912331157469308	-0.0853295139876192	0.164779918661677	-0.26165322244357	0.0863797542037111	1	-0.182303184505037	0.0506427244737892	0.179436347791231	0.0783773218110479	-0.06750357987501	0.00430930891599786	0.0770604425743026	0.123023725158671	-0.0541910504897697	0.0520938248534474	0.0993590463453806	-0.0486186470409303	-0.0899888453857003	0.166723211756257	-0.182607277702184	-0.160102298772374	0.0173915085543755	0.0501745870679158	0.0353516885708156	-0.0412494463360738
"sat"	0.0400140954816514	0.388122510565658	0.218564246918313	0.0689815913171881	0.1456251415444	0.142894202670593	-0.128562196168437	-0.120227068342767	0.232373452227451	-0.141643564886166	0.0140956206574052	0.315030861550879	0.378432926817682	0.364142912499105	0.105337324977221	0.18073743741103	0.142300082463202	0.0449474564219185	0.104148495802234	-0.236737065533159	0.139619101652139	0.0153960544957247	-0.182303184505037	1	0.0803250882754773	-0.164678437176971	0.265081682656599	0.28421170869686	0.297552572670115	-0.164570447523433	0.0355043651388774	0.0738457781296709	0.0572002227674298	-0.289245933848938	0.0412133108280128	-0.15339192426089	0.107934469918254	0.00448708787519586	0.00824652003591756	-0.351017839300007	-0.108610256478894	-0.150709186129366	0.124376543035883
"urate"	-0.220256118749788	0.158484531340931	0.0156592171286318	-0.1493384127551	0.0755598301290333	-0.00406550084278731	-0.175596293365289	0.245719179560509	0.103138621136869	0.0321012077020673	-0.0592104845572596	0.186792034606526	0.121911526864791	0.163427406443995	0.0512134641639241	0.12750267820079	0.0328180856075825	0.158119807966821	0.155358466204382	-0.291091601637128	0.162077567499859	-0.171011057177699	0.0506427244737892	0.0803250882754773	1	-0.126231271969128	0.241818470983659	0.0899225228531626	0.184042166879087	0.102240142247396	0.238241133792611	-0.00337197912750531	0.16072241630743	0.0658003634425098	0.265255062414144	0.365241599222928	-0.225234430636634	0.353528910693801	0.198700632758846	-0.228337039528536	0.225279654161784	0.378292355843448	0.655413744360681
"vat"	0.11353135172896	-0.101724615586654	0.00419589197929033	0.0451432900422821	0.0112767698369548	-0.0571075762733253	0.0151288984532662	-0.0288800842264318	0.106732832443533	-0.101460167156573	-0.00533924985766452	-0.132847759145783	-0.0122923703722486	-0.0794807671807626	0.0379583273844298	0.106891046267666	0.143406414006036	0.109045947612812	0.0629351809967861	-0.0546616561701738	0.0688301779111046	0.155518373984979	0.179436347791231	-0.164678437176971	-0.126231271969128	1	-0.153506017283501	-0.0498993991422141	-0.107859095022542	-0.048033479068522	-0.0971874874447649	-0.0836123150593442	-0.105871125999506	-0.0565345007562709	-0.205678251547046	-0.19655294073642	0.250257629649048	-0.173612078655415	-0.235612614540204	-0.0102611295226873	-0.0881824783843248	-0.116693768374596	-0.157243776411831
"wc_female"	0.0731880534391696	0.86975518834047	0.688681602268068	0.129613977151551	-0.0204403696940093	-0.00944399334959777	-0.0275110233503005	-0.0931600825719484	0.287763137234069	0.117628157098062	0.147660542765971	0.869343694098628	0.701390735369836	0.833328275349168	0.188239470128153	0.246100987942858	0.332141531750811	-0.13750453667338	-0.0435619577711788	-0.0286797264367527	-0.0927929399719159	0.478189157559915	0.0783773218110479	0.265081682656599	0.241818470983659	-0.153506017283501	1	0.777458504920661	0.945861976260589	0.474563882790644	0.686841512651845	0.722025539216962	0.844245529395975	0.285163781446961	-0.0781074166404058	0.132319749412546	0.02283016944088	0.0739991052912193	0.217260573826986	-0.143661632114133	0.0406700828835564	0.0162867409251147	0.124100876932451
"wc_male"	0.0741415184247843	0.910486769354302	0.844784346807797	0.153690905669578	0.069124988180732	0.107182368411295	-0.120231971558015	-0.348765186870888	0.293103473263145	-0.123518219359558	0.236692479268716	0.865264152925506	0.94560639919573	0.942881029397033	0.408008428086338	0.307407252681684	0.292861584829544	-0.0676970112468681	0.0115376240803787	0.108049217297995	-0.069247367813655	0.617723553898324	-0.06750357987501	0.28421170869686	0.0899225228531626	-0.0498993991422141	0.777458504920661	1	0.93853409165629	0.30034766543176	0.270311560026772	0.87232383579993	0.638323051681139	-0.0503271982225761	-0.190860752255938	0.125043834409722	0.021179558465254	0.00937575756897929	0.070669923063758	0.00271679871666907	-0.0382590509174678	-0.0866813263046489	-0.0792695034857321
"wc"	0.0757525185361773	0.945964040055671	0.81245063696807	0.14554797448719	0.0288723345241576	0.0555040392432817	-0.0748729257543299	-0.227602163967763	0.306399549482813	0.00361507687707819	0.193559841567973	0.919031207734264	0.869607245963343	0.940306671416117	0.307255420747019	0.286360262201404	0.326251168579226	-0.107155488818144	-0.0144359709240028	0.0387149239809381	-0.0842372914692268	0.576300418931349	0.00430930891599786	0.297552572670115	0.184042166879087	-0.107859095022542	0.945861976260589	0.93853409165629	1	0.409701888729195	0.515729744483887	0.842378215857047	0.790989001123551	0.129612026160074	-0.143394335606152	0.134385412347414	0.0269593963216165	0.0457609111068672	0.153215573127848	-0.0815998800723505	0.00779711677855052	-0.0307392439927019	0.03293384757238
"wcadjbmi"	0.145555183677556	0.112749847955888	0.176679053947197	0.0968423060542771	-0.170446348060329	-0.242415550187553	0.111022941749068	0.12278694453647	0.0420433848520647	0.276769142897521	0.474424185882941	0.264245247096692	0.181119245551447	0.238624003262073	0.378793814081767	0.0509797882015887	0.214064912403548	-0.0840795362996287	-0.0996896079172579	0.032938416001496	-0.189451553719701	0.211928271619374	0.0770604425743026	-0.164570447523433	0.102240142247396	-0.048033479068522	0.474563882790644	0.30034766543176	0.409701888729195	1	0.540395564824332	0.435533130908134	0.601969666098463	0.712420944630486	-0.0745686694809859	0.0522944424298461	0.136398264099312	-0.119711631839899	0.0276637993947106	-0.0499484489888543	0.146208377743847	0.142062271200977	0.0862070384763056
"whr_f"	-0.0291589868498672	0.375650846504635	0.148852393966779	-0.0634417762774444	-0.211526617640606	-0.251073785711513	0.134479755680075	0.286927401698559	0.202939636843304	0.37760863084157	-0.0513366184032485	0.254529196467833	0.18598936118729	0.241131676420979	-0.343891413027291	0.0656306234106757	0.276673295451001	-0.196017866508035	-0.18553543134204	-0.236243547487185	-0.0261333443228043	0.117078815580082	0.123023725158671	0.0355043651388774	0.238241133792611	-0.0971874874447649	0.686841512651845	0.270311560026772	0.515729744483887	0.540395564824332	1	0.364544423804869	0.87120573769996	0.784758756418856	0.0179126524410474	-0.0531605161098182	0.0943358591336255	-0.0174965244975233	0.284932668566182	-0.368400977407607	0.132103064050759	0.107668779643182	0.286056270888135
"whr_m"	0.146667496009911	0.760181873016485	0.770484183383096	0.21225026614989	-0.114156343352224	-0.0190324739679461	-0.0278501273256253	-0.210617092983096	0.0845059890431155	0.0384388036124525	0.137888350055467	0.727036817337757	0.700235357273833	0.746673205928296	0.184432109676991	0.13499875022512	0.15822970081003	-0.239093434210257	-0.177601599636349	0.169875476856317	-0.119992111971956	0.62232061704641	-0.0541910504897697	0.0738457781296709	-0.00337197912750531	-0.0836123150593442	0.722025539216962	0.87232383579993	0.842378215857047	0.435533130908134	0.364544423804869	1	0.77260821321857	0.259659494512398	-0.15203307086098	0.218525812590084	0.0543422325639868	0.0103106355202202	0.110712751417047	0.0664371627293936	0.0200989848305346	-0.0285489399215383	-0.0715239579202726
"whr"	0.0566589986148223	0.651304652250707	0.505903098957689	0.0657798922150186	-0.199147344605706	-0.175612253959152	0.0763552009318067	0.0867461477980579	0.180720821640391	0.279323370571546	0.0329472892507307	0.55193867416041	0.486999241383984	0.551457516136636	-0.138117254907944	0.114618032993561	0.267918088803941	-0.254704715982449	-0.213388798755915	-0.0643274433821926	-0.0830505274192876	0.409594205202171	0.0520938248534474	0.0572002227674298	0.16072241630743	-0.105871125999506	0.844245529395975	0.638323051681139	0.790989001123551	0.601969666098463	0.87120573769996	0.77260821321857	1	0.676478876134807	-0.0711249618558277	0.0717134862472375	0.0969797036858366	-0.00757434752051153	0.25158416698025	-0.216177030122294	0.105843391970894	0.0628758306063708	0.157801405861229
"whradjbmi"	0.0057172701516144	-0.101647726565228	-0.129273184848888	-0.0435857455774462	-0.326609981136299	-0.35033231966254	0.201783549333247	0.398312168792585	-0.0645880637408369	0.455708166417612	0.00262353860133652	-0.14432410000229	-0.216211248086178	-0.181500629412447	-0.356617961128344	-0.12130741242966	0.0820237799976788	-0.230691085381104	-0.272853280846515	-0.107395652811973	-0.0785250050769394	-0.00612035595900429	0.0993590463453806	-0.289245933848938	0.0658003634425098	-0.0565345007562709	0.285163781446961	-0.0503271982225761	0.129612026160074	0.712420944630486	0.784758756418856	0.259659494512398	0.676478876134807	1	0.0399391603611596	-0.0117966349646326	0.135902220408028	-0.105640304150739	0.183811966778052	-0.220968145735243	0.163683158369826	0.15190965520161	0.210598120462381
"dpa"	-0.129797803226658	-0.144915425837242	-0.197323476870386	-0.149327533072503	0.0474066617374884	0.0675804459143162	-0.197898030671248	0.183052217399735	-0.181613814813292	-0.152838418228506	-0.138430880349601	-0.127641796335579	-0.20047960817446	-0.175318817518445	-0.149360009474734	0.0232191251880807	-0.228894488721254	0.092872701854396	0.0683195918885807	-0.0704673620755572	-0.0731804835199853	-0.262345635097633	-0.0486186470409303	0.0412133108280128	0.265255062414144	-0.205678251547046	-0.0781074166404058	-0.190860752255938	-0.143394335606152	-0.0745686694809859	0.0179126524410474	-0.15203307086098	-0.0711249618558277	0.0399391603611596	1	0.282554189992359	-0.472268525056956	0.252995834813245	0.0365930732616573	-0.209576473707543	0.034229001346766	0.0792766989123769	0.305499902498538
"palmitoleic"	0.0732436516312175	0.132085861013404	0.271102500441721	0.169930256407055	-0.00825057387545922	0.177031058957332	-0.098518301116201	0.0605313959223017	-0.39408148304868	-0.0831817756747756	0.0180671178479482	0.205788394974281	0.035141691742781	0.126748366160775	0.0857641872636655	-0.196761757270653	-0.381040588406891	-0.115813495785467	-0.0935933783826701	0.131272674342374	0.0034669991409068	-0.0317665050804698	-0.0899888453857003	-0.15339192426089	0.365241599222928	-0.19655294073642	0.132319749412546	0.125043834409722	0.134385412347414	0.0522944424298461	-0.0531605161098182	0.218525812590084	0.0717134862472375	-0.0117966349646326	0.282554189992359	1	-0.571881122208773	0.605839888084932	0.260243175506873	0.169911433500552	0.292070537727157	0.413439140834132	0.410194554816118
"n6_1821"	0.0595970032043615	-0.00943775219068517	-0.0239861248032158	-0.0903206628406554	-0.0952863232993701	-0.11441904654861	0.0882516701208012	0.044174975050852	0.144122879275583	0.254483496432181	0.0346901583317557	-0.0191204005007959	0.0433141192536969	0.0116808886714723	0.000305995862824733	0.0830642571212929	0.207736631799596	-0.0385981710847161	-0.0493388918872063	-0.0756833807054857	0.0184638157131094	0.219788226638043	0.166723211756257	0.107934469918254	-0.225234430636634	0.250257629649048	0.02283016944088	0.021179558465254	0.0269593963216165	0.136398264099312	0.0943358591336255	0.0543422325639868	0.0969797036858366	0.135902220408028	-0.472268525056956	-0.571881122208773	1	-0.558319894261823	-0.178698273708723	0.0208588568471039	-0.271419649298394	-0.290015018408072	-0.292121187603177
"n6_1831"	-0.0694794179092275	0.0825720845442029	0.116335796939475	-0.0219940579212241	-0.0571878297519421	0.0701361772202065	-0.078975995428405	0.118658245393801	-0.105755310023247	-0.0659770555247377	-0.167569686398602	0.121157949993929	-0.0273319040403718	0.0541123176591997	-0.041582206442674	-0.0609827511850212	-0.143841695700253	-0.0843694027078714	-0.0694110463240316	-0.068632620607129	0.141734385836878	-0.0789907463176862	-0.182607277702184	0.00448708787519586	0.353528910693801	-0.173612078655415	0.0739991052912193	0.00937575756897929	0.0457609111068672	-0.119711631839899	-0.0174965244975233	0.0103106355202202	-0.00757434752051153	-0.105640304150739	0.252995834813245	0.605839888084932	-0.558319894261823	1	0.339092373854233	-0.0334851126977974	0.541559626963779	0.583745871410495	0.538540845743376
"n6_2031"	-0.0726949027373782	0.137581338354572	0.0363260098692538	0.0780655383504572	-0.00724949588625639	0.0516949778552378	0.0109834564744441	0.119876404508602	0.104744719313537	0.0884591140583934	-0.0758915295127891	0.0903293555258647	0.0286587267693089	0.0645076272026416	-0.182466271910356	0.00744528293325161	0.0371513747932248	-0.102718494526113	-0.0467729120919578	-0.296952409787659	0.307348309279181	0.0242853302183204	-0.160102298772374	0.00824652003591756	0.198700632758846	-0.235612614540204	0.217260573826986	0.070669923063758	0.153215573127848	0.0276637993947106	0.284932668566182	0.110712751417047	0.25158416698025	0.183811966778052	0.0365930732616573	0.260243175506873	-0.178698273708723	0.339092373854233	1	-0.30898536667343	0.117634648505157	0.119942228783322	0.302942617612182
"hdl"	0.0719399355524104	-0.0649226274956098	0.215084161916634	0.188033101156899	-0.0270340954468653	0.0741592912927282	-0.0470579716061321	-0.31065761649372	-0.349775691412038	-0.148522804533154	0.0564393666599462	0.0522071938344707	-0.0576802728038352	-0.00396890955166781	0.179804333472948	-0.24154261339283	-0.371158341732427	-0.0112464534707847	-0.03408822821535	0.416417140197308	-0.296411903991349	0.1859986960584	0.0173915085543755	-0.351017839300007	-0.228337039528536	-0.0102611295226873	-0.143661632114133	0.00271679871666907	-0.0815998800723505	-0.0499484489888543	-0.368400977407607	0.0664371627293936	-0.216177030122294	-0.220968145735243	-0.209576473707543	0.169911433500552	0.0208588568471039	-0.0334851126977974	-0.30898536667343	1	0.0138157156278342	0.126620032322653	-0.445828075555952
"ldl"	-0.122694907847416	-0.0277583835017092	-0.00303667619190847	-0.112618732087804	-0.139805024780193	-0.0972260883251131	0.0921666576740157	0.1990144797112	-0.0889053078761136	0.212780965413395	-0.013966273108574	-0.0242338231636518	-0.0796676307341243	-0.0437746114482582	-0.0502314276333254	-0.192463956743702	-0.10444409327978	-0.129302504281799	-0.147096815047039	0.018697609444953	-0.0613092945048898	-0.194578343383288	0.0501745870679158	-0.108610256478894	0.225279654161784	-0.0881824783843248	0.0406700828835564	-0.0382590509174678	0.00779711677855052	0.146208377743847	0.132103064050759	0.0200989848305346	0.105843391970894	0.163683158369826	0.034229001346766	0.292070537727157	-0.271419649298394	0.541559626963779	0.117634648505157	0.0138157156278342	1	0.934175801613477	0.590723411598621
"tc"	-0.135728331971658	-0.0673739682685641	0.00446925814329655	-0.0520659135256429	-0.14602449283484	-0.0792997708260133	0.0470450045416668	0.242739382734285	-0.218801099993008	0.198138393909994	-0.0737899207187722	-0.0335785288927209	-0.135349063390215	-0.0784076724672745	-0.0498451594699999	-0.240483016119374	-0.209125209343794	-0.123104157351454	-0.148690874621452	0.0418843174286287	-0.0577323585787318	-0.255848218077489	0.0353516885708156	-0.150709186129366	0.378292355843448	-0.116693768374596	0.0162867409251147	-0.0866813263046489	-0.0307392439927019	0.142062271200977	0.107668779643182	-0.0285489399215383	0.0628758306063708	0.15190965520161	0.0792766989123769	0.413439140834132	-0.290015018408072	0.583745871410495	0.119942228783322	0.126620032322653	0.934175801613477	1	0.693783512104706
"tg"	-0.141182256887851	0.00474745502753	-0.0761978549708747	-0.0779875232526192	-0.0440440186173233	0.00692762230165076	-0.0798328216633496	0.396270994809628	-0.0683530725038945	0.12652172912476	-0.20552455534877	-0.00909728416193265	-0.0905007057871729	-0.0459262562343785	-0.163967722614978	-0.0183617713477228	-0.0628148658377632	-0.0794991546363382	-0.0634528274465154	-0.220417713266117	0.207811476702363	-0.393360221483691	-0.0412494463360738	0.124376543035883	0.655413744360681	-0.157243776411831	0.124100876932451	-0.0792695034857321	0.03293384757238	0.0862070384763056	0.286056270888135	-0.0715239579202726	0.157801405861229	0.210598120462381	0.305499902498538	0.410194554816118	-0.292121187603177	0.538540845743376	0.302942617612182	-0.445828075555952	0.590723411598621	0.693783512104706	1
