X1	X2	X3	variant
0.10155299796016728	0.0192414711227025	0.5360940797530125	9:136149229
1.6309608929902586	0	0	4:185714289
0.9018290886674175	0	0.10475613233243658	3:64705365
1.5284301019571276	0.01643712702321485	0.40588962143814794	3:123065778
0.2670029442504605	0	1.4668598044431884	8:41519248
1.6022206992195789	0.17592389292215976	0.2528517938792394	5:55806751
0.3024159962149652	0.4670902406738472	0.4023926058867258	5:55856375
0.796692197280512	4.701448195964572	0	11:72433098
0.41677406727896743	0.7173540343052797	0.5736964448197601	5:53271420
0.5611123783677587	0.8516338935935112	0.09670828131361262	2:60584819
0.9000473645484718	0	0.2749200448561656	12:4374373
0.17873543830831112	0.21734352150367944	0.33750767488773464	12:4300809
0.13149741798320969	0	1.8859403704270263	10:12307894
0.32779047646336396	0.25613173629825053	1.0251269725012935	9:22061562
0.17175698794918076	0.047497680253853695	0.1268938497742602	9:22133984
1.6636828229322878	0.10234266139754866	0	9:22134094
0.5490796297046614	0.47464398224092125	0.0450305634764748	19:19658472
1.2213486771165385	0	0.055939229224362924	16:75245003
9.56627124127847e-7	0.555070203370545	1.340719602805565	7:15064309
0.26151556603797577	0	1.2233856228524518	11:1696849
0.9615072118767091	1.179688461294171	0.43902373640991443	2:27741237
0.14792153361892305	0.14858133412439176	0.8746677979765837	17:47005193
0	0.40073157840739243	1.2745029692947698	19:46158513
0	0.5824096293482067	1.373925653131427	9:4292083
0.11866136719347627	1.5280252334915063e-8	1.3384169371782326	17:9791375
2.5603907967500175	0	0	10:94462882
0.4748023559964664	0.05790065485506971	0.25770050102218517	6:32594328
0.14491719436708525	0.4910472115752792	0.30228368496474944	15:77747190
0.527765044515139	0.033733052615734206	0.15594588065297288	12:66212318
1.0433962359520803	0.26398965418262643	0	17:36098040
0.31423339604654715	0	0.9699102163097347	20:42989267
0.5870924049304013	0.0699735312249923	0.31691385367172203	20:43042364
0.17251428346384848	0.5490652637661847	0.6737837027114593	11:43876435
0.21468837851126027	0.02885952540395992	1.1845887505807167	3:185511687
1.2351127706900338	0.5166454379132122	0.19120225497302742	2:227093745
0.7496963773619597	0.0470072430723964	0.3688672057953446	7:28180556
1.415534119053192	0.4190744262745963	0	11:17408630
0.023453964180059777	0.10508421234562187	0.6537846207949507	11:2691500
1.3357173168229604	0.29234135747244283	0	11:2843803
0.14006271726977867	0.25914605952729775	0.3335440904748962	11:2912553
0.6312415273471228	0.24176124689358497	0.26137175087967635	7:130444934
0.7236100132940141	0.02118943196452684	0.1367046874344422	12:27965150
0.5714144471739523	0.03622220911263002	0.06622091974251688	18:7076836
0.4387891867922096	0.006462184103381901	0.23391018475407047	11:65365171
0.8463990412906112	0.25344515731286504	0.159753679955999	18:57884750
0.13284856593521227	0.4691865696921895	0.5743363591204617	7:157031407
0.30684466317439274	0.6939149424098244	0.14736812761837592	12:123626982
0.4493340383144234	0.22646051275680856	0.166010178884074	22:30342191
0	0.6114295808106708	4.088477173859578	11:92694757
9.320212098341461e-9	0.6906111896488841	0.8129942117394191	1:120517959
0.4407079380295146	0.4630234413222754	0.1630578357572605	14:79945162
0.7435617216954069	0.2397701918955489	0.10469400224324135	10:124167512
0.6305487373066901	0	0.20896707323112662	6:31136714
0	0	1.4028017911266186	15:91544076
0.08233194892645333	0	1.0417269458919363	1:214159256
0.3891049720842315	0	1.1382650188582055	2:161317460
2.9990721321881457	0	0	8:118185025
0.8855928418158369	0.7520943179003275	0.029973549568966452	13:80717156
0	3.0394690216265943	2.580623803615808	10:114758349
0.8128155468352547	0.1120313489326185	0.20496216502532896	2:43690030
0.46431015155287714	0	0.4563033500465913	9:84308948
0.848623753195817	0	0.0352164459140859	9:81905590
0.7224750123290343	0.011133300774325507	6.2239404218674e-10	4:153520475
0.5204419566164802	0.21176790855639402	0.2806414260106662	8:95937502
0.5920695783949959	0	0.10065159560465285	12:71663102
1.3059330240409315	0.09559964070126827	7.588712742503241e-5	3:23454790
0.8264657854093753	0.08789815745747112	0.44848865624624534	4:6289986
1.0036416585345123	0.04823290890918754	0.01907597850753557	5:76424949
0.6381800487891732	0	0.08820060670747738	15:80365745
0.10144633048130909	0.07047909694082828	1.3296011238643752	20:39832628
0.47871539144727526	0.06295203743483514	0.1407253405764358	10:80942631
0.3287532990194176	0.1270451613877415	0.24808143763496807	17:3985864
