"bl"	"bmi"	"bodyfat"	"bw"	"cir"	"di"	"fg"	"fg2hr"	"fi"	"hba1c"	"height"	"hip_f"	"hip_m"	"hip"	"hipadjbmi"	"homab"	"homair"	"incr30"	"ins30_bmi"	"isi"	"isibmi"	"leptin"	"proins"	"sat"	"urate"	"vat"	"wc_female"	"wc_male"	"wc"	"wcadjbmi"	"whr_f"	"whr_m"	"whr"	"whradjbmi"
"bl"	1	0.0188393701093211	0.0933137414600226	0.667247413467858	-0.180735613980448	-0.116921394156723	0.0186490815005379	-0.0483173683891196	-0.101674563465021	-0.125908506560292	0.340165322256349	0.15159916365351	-0.00143986733991985	0.0989023615798842	0.138032069107159	-0.0178020615277612	-0.0197314787246268	-0.186074605795175	-0.232876759538791	0.147317450296101	-0.164336073676042	-0.075044259731781	-0.00351868304060662	0.0215327765450028	-0.233706357156327	0.119018448787967	0.070754249248623	0.0740885376675611	0.0780680060022614	0.151583784676691	-0.0470783285878226	0.164658123379056	0.0485230596875256	0.00404617441369412
"bmi"	0.0188393701093211	1	0.737558942026914	0.133962899614383	0.202190578362017	0.207378065834118	-0.191502104219154	-0.434407563658891	0.265494444993232	-0.285881987943249	0.183746592268272	0.845758942943669	0.801786720057984	0.891738411490649	0.258719452596426	0.306002270301845	0.195499470767738	0.158602256194204	0.247195124390655	0.118369374100938	0.00153339939835664	0.452536464169209	-0.0673282064967229	0.132600817743283	0.0628799961295132	-0.124045910419361	0.748966745182842	0.849712585665267	0.890281695334487	0.00486707594654581	0.117733347008048	0.617295560117236	0.398360155415455	-0.238534354398861
"bodyfat"	0.0933137414600226	0.737558942026914	1	0.222647031671899	0.104337426068766	0.161027336244245	-0.18640818784133	-0.441564621541502	0.0493690541377989	-0.300292835292237	0.179824373740209	0.729054223169098	0.654827401943639	0.747071791270592	0.369679195619444	0.208749529860022	0.050235353983291	0.037398264932447	0.120235223479168	0.35356993189786	-0.0251200742194064	0.606399871902144	-0.0131399938642344	0.000721560663534155	-0.0601127471566284	-0.0025192336518437	0.51375749046982	0.760067009587545	0.709468627000669	0.0945503362031993	-0.109712509426229	0.648639052060299	0.24537995794343	-0.235280798898878
"bw"	0.667247413467858	0.133962899614383	0.222647031671899	1	-0.0346534071391244	0.0553555138303524	-0.0651839650097787	-0.231141740545255	-0.178146429273111	-0.148723499818544	0.157351750644377	0.235286651922195	0.0587074382538588	0.171801183291722	0.130362630252687	-0.0158785520012697	-0.103817701926182	-0.108490992679347	-0.0942546107497431	0.084766418879592	-0.0335985724731367	-0.0135926002529955	-0.134676621826738	0.0598981741745468	-0.17163790215453	0.0409006121940151	0.126558869823547	0.164036389607908	0.157089749536097	0.0949192397162647	-0.092113457643254	0.237595645726637	0.0482740565483774	-0.0447515732122366
"cir"	-0.180735613980448	0.202190578362017	0.104337426068766	-0.0346534071391244	1	0.882190114970554	-0.580839145247003	-0.539654483539179	0.348625607888192	-0.519463785671546	-0.0726762246691142	0.173584534009565	0.225990178361651	0.217345323600231	0.19100772383993	0.561776084063588	0.0620290493383537	0.736456777898861	0.881375447273935	-0.15594229951708	0.337357742259418	0.0283635603399932	-0.167193599120049	0.205605940812033	0.0664057235892007	0.00198237721089278	0.0354075821443556	0.152463507900962	0.110558024524417	-0.160713991919336	-0.210007653201955	-0.0870209154554127	-0.201336512788192	-0.324449912859603
"di"	-0.116921394156723	0.207378065834118	0.161027336244245	0.0553555138303524	0.882190114970554	1	-0.6018485295581	-0.488304530984978	0.104857607208844	-0.532736198644	-0.186083810666275	0.168109948521019	0.167510306199877	0.180877572954783	0.114935587372695	0.411640503924606	-0.200007336561097	0.518943566388023	0.694726933749556	0.0135839203367908	0.27008954157619	-0.0292289178306879	-0.232012095519842	0.182987227291609	0.00655765205659686	-0.0842172015207004	-0.0131351153945074	0.120792769987208	0.0660510170510283	-0.268023780410601	-0.285791463615197	-0.0593801412959549	-0.246257807990016	-0.376426439640692
"fg"	0.0186490815005379	-0.191502104219154	-0.18640818784133	-0.0651839650097787	-0.580839145247003	-0.6018485295581	1	0.467966909585049	-0.125158089403939	0.725987745658339	0.143860846168082	-0.138401645773719	-0.128223150584748	-0.140112035365794	-0.0489958073898247	-0.750373472061495	0.202969739114466	-0.409386038431283	-0.52262417823698	0.0837435305998064	-0.371702302056463	0.0564944710173044	0.247247688823997	-0.192528239365325	-0.203464331493937	0.0357513998482971	-0.0536679543826251	-0.165177240376543	-0.120167976673321	0.123924213594585	0.135635312403901	-0.0290837403662443	0.0905440256158038	0.212636090987699
"fg2hr"	-0.0483173683891196	-0.434407563658891	-0.441564621541502	-0.231141740545255	-0.539654483539179	-0.488304530984978	0.467966909585049	1	-0.345452082700431	0.623519968344151	-0.0300160353931558	-0.395109890783021	-0.436088362029054	-0.450674968264556	-0.299225569982386	-0.47884690389827	-0.0847837538236158	-0.344160638093316	-0.486585653072035	-0.180714129062037	-0.237766755035837	-0.298736961351743	0.245818833684831	-0.188406757723339	0.245826217062039	0.0121798442459842	-0.13091759803591	-0.44686786852084	-0.318307032936288	0.151939842463024	0.321491101817048	-0.233401085984988	0.132823160626808	0.431635939700607
"fi"	-0.101674563465021	0.265494444993232	0.0493690541377989	-0.178146429273111	0.348625607888192	0.104857607208844	-0.125158089403939	-0.345452082700431	1	-0.151535036096623	0.129900841898957	0.17991115940405	0.32150750746902	0.270242969803376	0.126793498740712	0.615884894480687	0.789601687585343	0.413219950807083	0.448193875950273	-0.300408849473122	0.369308353462002	0.194557649003385	0.0124638461234488	0.111342864919934	0.0300401083076414	0.16776348531929	0.225962091936999	0.260183456582451	0.267325648466589	0.0439827375756403	0.130133823913752	0.0135083788664236	0.10691017459132	-0.0630838905717672
"hba1c"	-0.125908506560292	-0.285881987943249	-0.300292835292237	-0.148723499818544	-0.519463785671546	-0.532736198644	0.725987745658339	0.623519968344151	-0.151535036096623	1	0.018352363883373	-0.226489508496516	-0.305835157934995	-0.281091901339912	-0.211406427426861	-0.602180578540956	0.0675625971580003	-0.381412357965863	-0.469219872154561	-0.111632233825072	-0.245670876046894	-0.000853082934285602	0.264384090338653	-0.267228302401463	0.0154691359804272	-0.0874845475206272	0.0171542384384502	-0.291533091977579	-0.149098007512178	0.270065716464301	0.353465366594642	-0.0523301192879394	0.249043903945612	0.463840388641556
"height"	0.340165322256349	0.183746592268272	0.179824373740209	0.157351750644377	-0.0726762246691142	-0.186083810666275	0.143860846168082	-0.0300160353931558	0.129900841898957	0.018352363883373	1	0.37938071671071	0.424492087348679	0.436946882579543	0.661586715200874	0.0433086224528678	0.254001141091188	0.00535667259794288	-0.0250273867704464	0.163477561233527	-0.266151726859045	0.127661680827573	0.148674187257142	0.0833529748411248	-0.0345953229807379	-0.0264626139082732	0.272480794829618	0.366971590665039	0.348583696526396	0.486661283966723	-0.019066170181147	0.21076847206024	0.0878892912602766	-0.00155404988349949
"hip_f"	0.15159916365351	0.845758942943669	0.729054223169098	0.235286651922195	0.173584534009565	0.168109948521019	-0.138401645773719	-0.395109890783021	0.17991115940405	-0.226489508496516	0.37938071671071	1	0.720890829919459	0.937586918294306	0.588098782915012	0.273389279524107	0.217816588256832	0.141011749903885	0.222893700449639	0.204344593654496	-0.0927640150172112	0.484651209987878	0.0186663536913926	0.0660846604738308	0.113049071449834	-0.158807663220472	0.769453711384049	0.779525263131082	0.859850521359873	0.223976358402049	-0.0183570678380643	0.582146748291536	0.277214065306632	-0.261182879809822
"hip_m"	-0.00143986733991985	0.801786720057984	0.654827401943639	0.0587074382538588	0.225990178361651	0.167510306199877	-0.128223150584748	-0.436088362029054	0.32150750746902	-0.305835157934995	0.424492087348679	0.720890829919459	1	0.914788430894392	0.589176568049363	0.311431965822875	0.279873186049734	0.223357991560318	0.262076691435001	0.0953145352419017	-0.0225477303067662	0.469115568537381	-0.0798811450792592	0.165986360589596	0.0340907040519113	0.011095406461283	0.501453958605592	0.91878668793325	0.785859869003577	0.114051824833362	-0.0939719679169752	0.547079261032542	0.195147170243604	-0.342188049624991
"hip"	0.0989023615798842	0.891738411490649	0.747071791270592	0.171801183291722	0.217345323600231	0.180877572954783	-0.140112035365794	-0.450674968264556	0.270242969803376	-0.281091901339912	0.436946882579543	0.937586918294306	0.914788430894392	1	0.632482060746181	0.309845900771584	0.26615708358634	0.198809260593254	0.265490643415676	0.161296203674697	-0.0643293983234032	0.509518618845491	-0.0260259120462124	0.124222105590888	0.0784601232055518	-0.0834503235396213	0.698684199942303	0.908227446615486	0.891637779712559	0.189216575289591	-0.0513506474296942	0.606361519073729	0.261389858083331	-0.319675010151441
"hipadjbmi"	0.138032069107159	0.258719452596426	0.369679195619444	0.130362630252687	0.19100772383993	0.114935587372695	-0.0489958073898247	-0.299225569982386	0.126793498740712	-0.211406427426861	0.661586715200874	0.588098782915012	0.589176568049363	0.632482060746181	1	0.185470111356868	0.204484784871252	0.199846873685536	0.222777849396215	0.181033704276983	-0.150527511551961	0.282377270872295	0.0170329548921014	0.114410678109365	0.0554587323987823	0.0335368831361605	0.212010797666501	0.494838096645214	0.38821689987536	0.373269927563537	-0.39873071563127	0.189824030814201	-0.212535492534553	-0.370485541343989
"homab"	-0.0178020615277612	0.306002270301845	0.208749529860022	-0.0158785520012697	0.561776084063588	0.411640503924606	-0.750373472061495	-0.47884690389827	0.615884894480687	-0.602180578540956	0.0433086224528678	0.273389279524107	0.311431965822875	0.309845900771584	0.185470111356868	1	0.466548105864389	0.516763878220282	0.603782885087783	-0.2061038754491	0.421241443888207	0.170766389377692	-0.136914331110478	0.137604113721982	0.0949997365692993	0.125596282120475	0.242344830233847	0.329612631709407	0.310660546745451	0.0460263926798952	0.0201665300777842	0.11454129306099	0.073906254669821	-0.124604202676024
"homair"	-0.0197314787246268	0.195499470767738	0.050235353983291	-0.103817701926182	0.0620290493383537	-0.200007336561097	0.202969739114466	-0.0847837538236158	0.789601687585343	0.0675625971580003	0.254001141091188	0.217816588256832	0.279873186049734	0.26615708358634	0.204484784871252	0.466548105864389	1	0.221557852959435	0.195425475964583	-0.259278787094279	0.178316352116862	0.237582076125885	0.116173319743744	-0.0145483631303702	-0.0476040041971766	0.211287055605611	0.289662879740358	0.25518392268872	0.294212898213541	0.231174675705738	0.213979208143682	0.106628339947908	0.218205769399201	0.0926923896691305
"incr30"	-0.186074605795175	0.158602256194204	0.037398264932447	-0.108490992679347	0.736456777898861	0.518943566388023	-0.409386038431283	-0.344160638093316	0.413219950807083	-0.381412357965863	0.00535667259794288	0.141011749903885	0.223357991560318	0.198809260593254	0.199846873685536	0.516763878220282	0.221557852959435	1	0.929565000483936	-0.26453540455683	0.303899421905467	0.135597424524436	-0.111409317889804	0.167382284967162	0.159620530238853	0.118205147666869	0.0488759914893584	0.151739973716886	0.118152319564205	-0.0279332340998302	-0.117586317134017	-0.0798779884970656	-0.124043740528477	-0.205954772578251
"ins30_bmi"	-0.232876759538791	0.247195124390655	0.120235223479168	-0.0942546107497431	0.881375447273935	0.694726933749556	-0.52262417823698	-0.486585653072035	0.448193875950273	-0.469219872154561	-0.0250273867704464	0.222893700449639	0.262076691435001	0.265490643415676	0.222777849396215	0.603782885087783	0.195425475964583	0.929565000483936	1	-0.219220130704284	0.337553513246745	0.173207921695104	-0.0999232315457838	0.205780217380897	0.151485600311421	0.0682227955637037	0.121206664491759	0.201378233339783	0.187412631016947	-0.0562269336267992	-0.129965033802939	-0.0477001099671526	-0.115398915233449	-0.25232616015414
"isi"	0.147317450296101	0.118369374100938	0.35356993189786	0.084766418879592	-0.15594229951708	0.0135839203367908	0.0837435305998064	-0.180714129062037	-0.300408849473122	-0.111632233825072	0.163477561233527	0.204344593654496	0.0953145352419017	0.161296203674697	0.181033704276983	-0.2061038754491	-0.259278787094279	-0.26453540455683	-0.219220130704284	1	-0.472404179736745	0.20887486418955	0.186786422709392	-0.168735781190637	-0.277147414382804	-0.132934527013339	0.00896418192392432	0.16322101413904	0.0943886208607059	0.00742021926659383	-0.24016792706298	0.205732386084699	-0.0732475682304859	-0.138343441673909
"isibmi"	-0.164336073676042	0.00153339939835664	-0.0251200742194064	-0.0335985724731367	0.337357742259418	0.27008954157619	-0.371702302056463	-0.237766755035837	0.369308353462002	-0.245670876046894	-0.266151726859045	-0.0927640150172112	-0.0225477303067662	-0.0643293983234032	-0.150527511551961	0.421241443888207	0.178316352116862	0.303899421905467	0.337553513246745	-0.472404179736745	1	-0.11997604846723	-0.282334050547109	0.134832157869693	0.18164459688584	0.102188660186902	-0.0633718100356697	-0.0393532009198826	-0.0547771143061969	-0.182022401329284	-0.00919016169144763	-0.10602289373273	-0.0622522402709275	-0.077563864846515
"leptin"	-0.075044259731781	0.452536464169209	0.606399871902144	-0.0135926002529955	0.0283635603399932	-0.0292289178306879	0.0564944710173044	-0.298736961351743	0.194557649003385	-0.000853082934285602	0.127661680827573	0.484651209987878	0.469115568537381	0.509518618845491	0.282377270872295	0.170766389377692	0.237582076125885	0.135597424524436	0.173207921695104	0.20887486418955	-0.11997604846723	1	0.100294688933874	-0.19810297369182	-0.218936971839098	0.19159783020376	0.350329269704393	0.544881280761447	0.494690848250927	0.165142486032905	-0.039413693664876	0.543738350410119	0.253034366727062	-0.0567624607996625
"proins"	-0.00351868304060662	-0.0673282064967229	-0.0131399938642344	-0.134676621826738	-0.167193599120049	-0.232012095519842	0.247247688823997	0.245818833684831	0.0124638461234488	0.264384090338653	0.148674187257142	0.0186663536913926	-0.0798811450792592	-0.0260259120462124	0.0170329548921014	-0.136914331110478	0.116173319743744	-0.111409317889804	-0.0999232315457838	0.186786422709392	-0.282334050547109	0.100294688933874	1	-0.226867362013939	0.0416298279821464	0.188479469701601	0.0949493104844872	-0.0973554782330237	-0.0055771573335261	0.0812078849167103	0.127144656215967	-0.071525077504668	0.0577803566683839	0.102823200531489
"sat"	0.0215327765450028	0.132600817743283	0.000721560663534155	0.0598981741745468	0.205605940812033	0.182987227291609	-0.192528239365325	-0.188406757723339	0.111342864919934	-0.267228302401463	0.0833529748411248	0.0660846604738308	0.165986360589596	0.124222105590888	0.114410678109365	0.137604113721982	-0.0145483631303702	0.167382284967162	0.205780217380897	-0.168735781190637	0.134832157869693	-0.19810297369182	-0.226867362013939	1	-0.00262407582827823	-0.122629307493943	-0.0340123850055899	0.0270570677000511	-0.00117579431449205	-0.247842677618245	-0.190906469810537	-0.231968829187599	-0.27545932264935	-0.366825088536307
"urate"	-0.233706357156327	0.0628799961295132	-0.0601127471566284	-0.17163790215453	0.0664057235892007	0.00655765205659686	-0.203464331493937	0.245826217062039	0.0300401083076414	0.0154691359804272	-0.0345953229807379	0.113049071449834	0.0340907040519113	0.0784601232055518	0.0554587323987823	0.0949997365692993	-0.0476040041971766	0.159620530238853	0.151485600311421	-0.277147414382804	0.18164459688584	-0.218936971839098	0.0416298279821464	-0.00262407582827823	1	-0.11067883008689	0.186489602449362	0.0119767685015453	0.11797760106831	0.114031484513442	0.190988373086936	-0.0711327442087574	0.112107218805428	0.0844227171472607
"vat"	0.119018448787967	-0.124045910419361	-0.0025192336518437	0.0409006121940151	0.00198237721089278	-0.0842172015207004	0.0357513998482971	0.0121798442459842	0.16776348531929	-0.0874845475206272	-0.0264626139082732	-0.158807663220472	0.011095406461283	-0.0834503235396213	0.0335368831361605	0.125596282120475	0.211287055605611	0.118205147666869	0.0682227955637037	-0.132934527013339	0.102188660186902	0.19159783020376	0.188479469701601	-0.122629307493943	-0.11067883008689	1	-0.184967415199709	-0.0588652937990936	-0.136232339793155	-0.0635930099954679	-0.0879286372479498	-0.123684582949274	-0.128499364631705	-0.0707607617507621
"wc_female"	0.070754249248623	0.748966745182842	0.51375749046982	0.126558869823547	0.0354075821443556	-0.0131351153945074	-0.0536679543826251	-0.13091759803591	0.225962091936999	0.0171542384384502	0.272480794829618	0.769453711384049	0.501453958605592	0.698684199942303	0.212010797666501	0.242344830233847	0.289662879740358	0.0488759914893584	0.121206664491759	0.00896418192392432	-0.0633718100356697	0.350329269704393	0.0949493104844872	-0.0340123850055899	0.186489602449362	-0.184967415199709	1	0.615930254329597	0.901543033769203	0.51753815339095	0.606945491156608	0.566234415815391	0.75423663571599	0.31613655590543
"wc_male"	0.0740885376675611	0.849712585665267	0.760067009587545	0.164036389607908	0.152463507900962	0.120792769987208	-0.165177240376543	-0.44686786852084	0.260183456582451	-0.291533091977579	0.366971590665039	0.779525263131082	0.91878668793325	0.908227446615486	0.494838096645214	0.329612631709407	0.25518392268872	0.151739973716886	0.201378233339783	0.16322101413904	-0.0393532009198826	0.544881280761447	-0.0973554782330237	0.0270570677000511	0.0119767685015453	-0.0588652937990936	0.615930254329597	1	0.894864884448811	0.257130905264778	0.00683179161987242	0.797053633125021	0.406482744597534	-0.153017856335707
"wc"	0.0780680060022614	0.890281695334487	0.709468627000669	0.157089749536097	0.110558024524417	0.0660510170510283	-0.120167976673321	-0.318307032936288	0.267325648466589	-0.149098007512178	0.348583696526396	0.859850521359873	0.785859869003577	0.891637779712559	0.38821689987536	0.310660546745451	0.294212898213541	0.118152319564205	0.187412631016947	0.0943886208607059	-0.0547771143061969	0.494690848250927	-0.0055771573335261	-0.00117579431449205	0.11797760106831	-0.136232339793155	0.901543033769203	0.894864884448811	1	0.432269311577783	0.347512441453638	0.75546759504298	0.650147680117	0.0954999856740114
"wcadjbmi"	0.151583784676691	0.00486707594654581	0.0945503362031993	0.0949192397162647	-0.160713991919336	-0.268023780410601	0.123924213594585	0.151939842463024	0.0439827375756403	0.270065716464301	0.486661283966723	0.223976358402049	0.114051824833362	0.189216575289591	0.373269927563537	0.0460263926798952	0.231174675705738	-0.0279332340998302	-0.0562269336267992	0.00742021926659383	-0.182022401329284	0.165142486032905	0.0812078849167103	-0.247842677618245	0.114031484513442	-0.0635930099954679	0.51753815339095	0.257130905264778	0.432269311577783	1	0.540793138688555	0.419278941709142	0.640997005903465	0.706735911939955
"whr_f"	-0.0470783285878226	0.117733347008048	-0.109712509426229	-0.092113457643254	-0.210007653201955	-0.285791463615197	0.135635312403901	0.321491101817048	0.130133823913752	0.353465366594642	-0.019066170181147	-0.0183570678380643	-0.0939719679169752	-0.0513506474296942	-0.39873071563127	0.0201665300777842	0.213979208143682	-0.117586317134017	-0.129965033802939	-0.24016792706298	-0.00919016169144763	-0.039413693664876	0.127144656215967	-0.190906469810537	0.190988373086936	-0.0879286372479498	0.606945491156608	0.00683179161987242	0.347512441453638	0.540793138688555	1	0.175389736161203	0.862025839310187	0.837034337682436
"whr_m"	0.164658123379056	0.617295560117236	0.648639052060299	0.237595645726637	-0.0870209154554127	-0.0593801412959549	-0.0290837403662443	-0.233401085984988	0.0135083788664236	-0.0523301192879394	0.21076847206024	0.582146748291536	0.547079261032542	0.606361519073729	0.189824030814201	0.11454129306099	0.106628339947908	-0.0798779884970656	-0.0477001099671526	0.205732386084699	-0.10602289373273	0.543738350410119	-0.071525077504668	-0.231968829187599	-0.0711327442087574	-0.123684582949274	0.566234415815391	0.797053633125021	0.75546759504298	0.419278941709142	0.175389736161203	1	0.647036257426285	0.243100435146953
"whr"	0.0485230596875256	0.398360155415455	0.24537995794343	0.0482740565483774	-0.201336512788192	-0.246257807990016	0.0905440256158038	0.132823160626808	0.10691017459132	0.249043903945612	0.0878892912602766	0.277214065306632	0.195147170243604	0.261389858083331	-0.212535492534553	0.073906254669821	0.218205769399201	-0.124043740528477	-0.115398915233449	-0.0732475682304859	-0.0622522402709275	0.253034366727062	0.0577803566683839	-0.27545932264935	0.112107218805428	-0.128499364631705	0.75423663571599	0.406482744597534	0.650147680117	0.640997005903465	0.862025839310187	0.647036257426285	1	0.780528004495788
"whradjbmi"	0.00404617441369412	-0.238534354398861	-0.235280798898878	-0.0447515732122366	-0.324449912859603	-0.376426439640692	0.212636090987699	0.431635939700607	-0.0630838905717672	0.463840388641556	-0.00155404988349949	-0.261182879809822	-0.342188049624991	-0.319675010151441	-0.370485541343989	-0.124604202676024	0.0926923896691305	-0.205954772578251	-0.25232616015414	-0.138343441673909	-0.077563864846515	-0.0567624607996625	0.102823200531489	-0.366825088536307	0.0844227171472607	-0.0707607617507621	0.31613655590543	-0.153017856335707	0.0954999856740114	0.706735911939955	0.837034337682436	0.243100435146953	0.780528004495788	1
